image: ic_map16.pgm
resolution: 0.150000
origin: [-15.665861, -15.318446, 0.000000]
negate: 0
occupied_thresh: 0.65
free_thresh: 0.196

