image: ic_map3.pgm
resolution: 0.150000
origin: [-9.644440, -14.760012, 0.000000]
negate: 0
occupied_thresh: 0.65
free_thresh: 0.196

