image: ic_map2.pgm
resolution: 0.020000
origin: [-19.895164, -11.216085, 0.000000]
negate: 0
occupied_thresh: 0.65
free_thresh: 0.196

