image: ic_map15.pgm
resolution: 0.150000
origin: [-15.665618, -15.458819, 0.000000]
negate: 0
occupied_thresh: 0.65
free_thresh: 0.196

