image: ic_map4.pgm
resolution: 0.150000
origin: [-19.556076, -11.641585, 0.000000]
negate: 0
occupied_thresh: 0.65
free_thresh: 0.196

